0 0.0
1 0.02
2 0.029999999999999999
3 0.13
4 0.19
5 0.42999999999999999
6 0.44
7 0.56000000000000005
8 0.66000000000000003
9 0.68000000000000005
10 0.72999999999999998
11 0.90000000000000002
12 0.91000000000000003
13 0.94999999999999996
14 0.97999999999999998
15 1.04
16 1.1100000000000001
17 1.28
18 1.3100000000000001
19 1.3600000000000001
20 1.52
21 1.72
22 1.73
23 1.75
24 1.78
25 1.9199999999999999
26 1.9399999999999999
27 2.0
28 2.0499999999999998
29 2.1200000000000001
30 2.21
31 2.27
32 2.4399999999999999
33 2.5899999999999999
34 2.6699999999999999
35 2.6800000000000002
36 2.7000000000000002
37 2.8599999999999999
38 2.8700000000000001
39 2.8999999999999999
40 2.9199999999999999
41 2.9399999999999999
42 3.1099999999999999
43 3.1200000000000001
44 3.3900000000000001
45 3.5899999999999999
46 3.6800000000000002
47 3.9300000000000002
48 3.9500000000000002
49 4.0999999999999996
50 4.1200000000000001
51 4.1299999999999999
52 4.3200000000000003
53 4.4100000000000001
54 4.54
55 4.6699999999999999
56 4.7300000000000004
57 4.8300000000000001
58 4.8499999999999996
59 4.9199999999999999
60 5.0999999999999996
61 5.1299999999999999
62 5.1799999999999997
63 5.3600000000000003
64 5.3799999999999999
65 5.4199999999999999
66 5.46
67 5.6100000000000003
68 6.0
69 6.3499999999999996
70 6.4199999999999999
71 6.5300000000000002
72 6.6299999999999999
73 6.6900000000000004
74 6.7300000000000004
75 6.8399999999999999
76 6.9900000000000002
77 7.1699999999999999
78 7.1900000000000004
79 7.2300000000000004
80 7.3499999999999996
81 7.3899999999999997
82 7.5899999999999999
83 7.7300000000000004
84 7.8300000000000001
85 7.8399999999999999
86 8.0999999999999996
87 8.1199999999999992
88 8.1799999999999997
89 8.2400000000000002
90 8.3900000000000006
91 8.4000000000000004
92 8.5800000000000001
93 8.6400000000000006
94 8.8300000000000001
95 8.8399999999999999
96 8.8499999999999996
97 8.9199999999999999
98 8.9700000000000006
99 9.0700000000000003
100 9.0800000000000001
101 9.2100000000000009
102 9.25
103 9.4100000000000001
104 9.5500000000000007
105 9.9100000000000001
106 10.0
107 10.01
108 10.039999999999999
109 10.06
110 10.220000000000001
111 10.279999999999999
112 10.41
113 10.470000000000001
114 10.539999999999999
115 10.65
116 10.720000000000001
117 11.07
118 11.23
119 11.32
120 11.41
121 11.609999999999999
122 11.68
123 11.69
124 11.710000000000001
125 11.73
126 11.75
127 11.800000000000001
128 11.859999999999999
129 12.02
130 12.029999999999999
131 12.210000000000001
132 12.279999999999999
133 12.42
134 12.43
135 12.52
136 12.77
137 13.0
138 13.130000000000001
139 13.15
140 13.279999999999999
141 13.57
142 13.779999999999999
143 13.800000000000001
144 13.92
145 14.050000000000001
146 14.119999999999999
147 14.18
148 14.19
149 14.23
150 14.300000000000001
151 14.619999999999999
152 14.789999999999999
153 14.880000000000001
154 14.9
155 14.98
156 15.02
157 15.07
158 15.23
159 15.33
160 15.369999999999999
161 15.609999999999999
162 15.699999999999999
163 15.93
164 16.010000000000002
165 16.100000000000001
166 16.260000000000002
167 16.280000000000001
168 16.609999999999999
169 16.649999999999999
170 16.73
171 16.760000000000002
172 16.800000000000001
173 17.079999999999998
174 17.100000000000001
175 17.190000000000001
176 17.27
177 17.329999999999998
178 17.690000000000001
179 17.739999999999998
180 17.84
181 18.030000000000001
182 18.050000000000001
183 18.100000000000001
184 18.18
185 18.190000000000001
186 18.199999999999999
187 18.239999999999998
188 18.27
189 18.350000000000001
190 18.370000000000001
191 18.59
192 18.649999999999999
193 18.890000000000001
194 18.920000000000002
195 18.969999999999999
196 19.010000000000002
197 19.129999999999999
198 19.140000000000001
199 19.149999999999999
200 19.210000000000001
201 19.260000000000002
202 19.280000000000001
203 19.399999999999999
204 19.449999999999999
205 19.469999999999999
206 19.48
207 19.5
208 19.530000000000001
209 19.710000000000001
210 19.73
211 19.760000000000002
212 19.850000000000001
213 20.0
214 20.02
215 20.079999999999998
216 20.120000000000001
217 20.190000000000001
218 20.199999999999999
219 20.260000000000002
220 20.600000000000001
221 20.609999999999999
222 20.620000000000001
223 20.640000000000001
224 20.989999999999998
225 21.059999999999999
226 21.280000000000001
227 21.300000000000001
228 21.309999999999999
229 21.32
230 21.460000000000001
231 21.609999999999999
232 21.710000000000001
233 21.719999999999999
234 21.850000000000001
235 21.879999999999999
236 22.050000000000001
237 22.059999999999999
238 22.359999999999999
239 22.41
240 22.489999999999998
241 22.649999999999999
242 22.690000000000001
243 22.73
244 22.75
245 22.760000000000002
246 22.800000000000001
247 22.899999999999999
248 22.989999999999998
249 23.100000000000001
250 23.239999999999998
251 23.32
252 23.34
253 23.420000000000002
254 23.489999999999998
255 23.66
256 23.690000000000001
257 23.739999999999998
258 23.82
259 23.859999999999999
260 23.879999999999999
261 23.899999999999999
262 24.010000000000002
263 24.109999999999999
264 24.25
265 24.260000000000002
266 24.449999999999999
267 24.489999999999998
268 24.550000000000001
269 24.579999999999998
270 24.670000000000002
271 24.719999999999999
272 24.829999999999998
273 24.870000000000001
274 24.989999999999998
275 25.059999999999999
276 25.219999999999999
277 25.359999999999999
278 25.370000000000001
279 25.43
280 25.440000000000001
281 25.449999999999999
282 25.460000000000001
283 25.469999999999999
284 25.75
285 25.760000000000002
286 25.890000000000001
287 25.940000000000001
288 26.149999999999999
289 26.260000000000002
290 26.530000000000001
291 26.559999999999999
292 26.710000000000001
293 26.77
294 26.879999999999999
295 27.0
296 27.010000000000002
297 27.02
298 27.039999999999999
299 27.09
300 27.109999999999999
301 27.25
302 27.300000000000001
303 27.359999999999999
304 27.390000000000001
305 27.559999999999999
306 27.670000000000002
307 27.789999999999999
308 28.440000000000001
309 28.52
310 28.609999999999999
311 28.68
312 28.699999999999999
313 28.879999999999999
314 28.890000000000001
315 29.0
316 29.079999999999998
317 29.129999999999999
318 29.280000000000001
319 29.390000000000001
320 29.52
321 29.539999999999999
322 29.68
323 29.690000000000001
324 29.940000000000001
325 30.109999999999999
326 30.190000000000001
327 30.23
328 30.300000000000001
329 30.43
330 30.469999999999999
331 30.579999999999998
332 30.68
333 30.789999999999999
334 30.879999999999999
335 30.949999999999999
336 31.050000000000001
337 31.059999999999999
338 31.120000000000001
339 31.170000000000002
340 31.199999999999999
341 31.280000000000001
342 31.390000000000001
343 31.469999999999999
344 31.539999999999999
345 31.57
346 31.579999999999998
347 31.719999999999999
348 31.84
349 31.93
350 31.949999999999999
351 32.020000000000003
352 32.170000000000002
353 32.259999999999998
354 32.359999999999999
355 32.43
356 32.719999999999999
357 32.729999999999997
358 32.789999999999999
359 32.850000000000001
360 32.920000000000002
361 32.939999999999998
362 33.200000000000003
363 33.359999999999999
364 33.369999999999997
365 33.43
366 33.57
367 33.579999999999998
368 33.810000000000002
369 33.829999999999998
370 33.869999999999997
371 33.990000000000002
372 34.07
373 34.159999999999997
374 34.210000000000001
375 34.240000000000002
376 34.340000000000003
377 34.409999999999997
378 34.689999999999998
379 34.719999999999999
380 34.75
381 34.829999999999998
382 35.219999999999999
383 35.270000000000003
384 35.32
385 35.579999999999998
386 35.590000000000003
387 35.770000000000003
388 35.869999999999997
389 35.880000000000003
390 36.100000000000001
391 36.25
392 36.299999999999997
393 36.310000000000002
394 36.740000000000002
395 37.079999999999998
396 37.229999999999997
397 37.729999999999997
398 37.75
399 37.759999999999998
400 37.810000000000002
401 37.909999999999997
402 37.939999999999998
403 37.950000000000003
404 37.990000000000002
405 38.030000000000001
406 38.170000000000002
407 38.259999999999998
408 38.859999999999999
409 38.979999999999997
410 39.189999999999998
411 39.310000000000002
412 39.329999999999998
413 39.350000000000001
414 39.450000000000003
415 39.609999999999999
416 39.659999999999997
417 39.700000000000003
418 39.789999999999999
419 39.969999999999999
420 39.990000000000002
421 40.060000000000002
422 40.140000000000001
423 40.390000000000001
424 40.420000000000002
425 40.43
426 40.460000000000001
427 40.490000000000002
428 40.609999999999999
429 40.729999999999997
430 40.789999999999999
431 40.899999999999999
432 41.109999999999999
433 41.200000000000003
434 41.409999999999997
435 41.789999999999999
436 41.850000000000001
437 41.869999999999997
438 41.969999999999999
439 42.0
440 42.039999999999999
441 42.060000000000002
442 42.530000000000001
443 42.649999999999999
444 43.100000000000001
445 43.140000000000001
446 43.280000000000001
447 43.380000000000003
448 43.450000000000003
449 43.539999999999999
450 43.630000000000003
451 43.659999999999997
452 43.740000000000002
453 43.93
454 43.960000000000001
455 44.270000000000003
456 44.450000000000003
457 44.57
458 44.68
459 44.729999999999997
460 44.829999999999998
461 44.909999999999997
462 44.960000000000001
463 44.979999999999997
464 45.100000000000001
465 45.159999999999997
466 45.200000000000003
467 45.270000000000003
468 45.310000000000002
469 45.32
470 45.420000000000002
471 45.479999999999997
472 45.619999999999997
473 45.630000000000003
474 45.689999999999998
475 45.700000000000003
476 45.840000000000003
477 45.899999999999999
478 45.939999999999998
479 46.159999999999997
480 46.170000000000002
481 46.200000000000003
482 46.259999999999998
483 46.329999999999998
484 46.479999999999997
485 46.829999999999998
486 47.189999999999998
487 47.229999999999997
488 47.590000000000003
489 47.630000000000003
490 47.799999999999997
491 48.0
492 48.07
493 48.100000000000001
494 48.229999999999997
495 48.409999999999997
496 48.460000000000001
497 48.549999999999997
498 48.590000000000003
499 48.609999999999999
500 48.659999999999997
501 48.759999999999998
502 49.060000000000002
503 49.119999999999997
504 49.130000000000003
505 49.189999999999998
506 49.289999999999999
507 49.490000000000002
508 49.509999999999998
509 49.590000000000003
510 49.82
511 49.859999999999999
512 49.960000000000001
513 50.130000000000003
514 50.289999999999999
515 50.359999999999999
516 50.509999999999998
517 50.75
518 50.770000000000003
519 50.899999999999999
520 50.990000000000002
521 51.299999999999997
522 51.329999999999998
523 51.57
524 51.689999999999998
525 51.759999999999998
526 51.869999999999997
527 51.909999999999997
528 51.920000000000002
529 52.109999999999999
530 52.119999999999997
531 52.159999999999997
532 52.170000000000002
533 52.460000000000001
534 52.520000000000003
535 52.57
536 52.579999999999998
537 52.700000000000003
538 52.799999999999997
539 53.039999999999999
540 53.049999999999997
541 53.149999999999999
542 53.520000000000003
543 53.530000000000001
544 53.810000000000002
545 54.119999999999997
546 54.18
547 54.219999999999999
548 54.259999999999998
549 54.289999999999999
550 54.310000000000002
551 54.530000000000001
552 54.659999999999997
553 54.770000000000003
554 54.969999999999999
555 55.049999999999997
556 55.329999999999998
557 55.5
558 55.600000000000001
559 55.619999999999997
560 55.640000000000001
561 55.659999999999997
562 55.840000000000003
563 55.920000000000002
564 55.990000000000002
565 56.140000000000001
566 56.189999999999998
567 56.369999999999997
568 56.520000000000003
569 56.560000000000002
570 56.630000000000003
571 56.640000000000001
572 56.689999999999998
573 56.899999999999999
574 56.960000000000001
575 57.090000000000003
576 57.119999999999997
577 57.200000000000003
578 57.280000000000001
579 57.520000000000003
580 57.600000000000001
581 57.670000000000002
582 57.740000000000002
583 58.140000000000001
584 58.200000000000003
585 58.229999999999997
586 58.240000000000002
587 58.280000000000001
588 58.450000000000003
589 58.469999999999999
590 58.479999999999997
591 58.539999999999999
592 58.579999999999998
593 58.609999999999999
594 58.670000000000002
595 58.719999999999999
596 58.740000000000002
597 58.799999999999997
598 58.899999999999999
599 58.979999999999997
600 59.219999999999999
601 59.240000000000002
602 59.270000000000003
603 59.369999999999997
604 59.420000000000002
605 59.579999999999998
606 59.640000000000001
607 59.950000000000003
608 60.060000000000002
609 60.200000000000003
610 60.359999999999999
611 60.390000000000001
612 60.5
613 60.619999999999997
614 60.630000000000003
615 60.659999999999997
616 60.670000000000002
617 60.810000000000002
618 60.829999999999998
619 60.859999999999999
620 61.159999999999997
621 61.399999999999999
622 61.420000000000002
623 61.609999999999999
624 61.740000000000002
625 61.840000000000003
626 62.350000000000001
627 62.43
628 62.439999999999998
629 62.469999999999999
630 62.490000000000002
631 62.5
632 62.539999999999999
633 62.68
634 62.719999999999999
635 62.759999999999998
636 62.789999999999999
637 63.020000000000003
638 63.090000000000003
639 63.109999999999999
640 63.210000000000001
641 63.289999999999999
642 63.390000000000001
643 63.460000000000001
644 63.509999999999998
645 63.549999999999997
646 63.579999999999998
647 63.609999999999999
648 63.880000000000003
649 64.099999999999994
650 64.209999999999994
651 64.349999999999994
652 64.400000000000006
653 64.439999999999998
654 64.629999999999995
655 64.760000000000005
656 64.840000000000003
657 65.010000000000005
658 65.019999999999996
659 65.030000000000001
660 65.299999999999997
661 65.349999999999994
662 65.390000000000001
663 65.400000000000006
664 65.430000000000007
665 65.590000000000003
666 65.599999999999994
667 65.689999999999998
668 65.719999999999999
669 65.760000000000005
670 65.810000000000002
671 66.120000000000005
672 66.170000000000002
673 66.450000000000003
674 66.590000000000003
675 66.609999999999999
676 66.969999999999999
677 67.030000000000001
678 67.200000000000003
679 67.310000000000002
680 67.5
681 67.620000000000005
682 67.700000000000003
683 67.709999999999994
684 67.810000000000002
685 67.930000000000007
686 67.980000000000004
687 68.099999999999994
688 68.109999999999999
689 68.140000000000001
690 68.150000000000006
691 68.299999999999997
692 68.310000000000002
693 68.430000000000007
694 68.480000000000004
695 68.560000000000002
696 68.670000000000002
697 68.680000000000007
698 68.780000000000001
699 68.799999999999997
700 69.090000000000003
701 69.319999999999993
702 69.5
703 69.530000000000001
704 69.650000000000006
705 69.700000000000003
706 69.769999999999996
707 69.790000000000006
708 69.849999999999994
709 69.930000000000007
710 69.959999999999994
711 70.040000000000006
712 70.090000000000003
713 70.159999999999997
714 70.189999999999998
715 70.200000000000003
716 70.230000000000004
717 70.640000000000001
718 70.950000000000003
719 71.010000000000005
720 71.129999999999995
721 71.409999999999997
722 71.480000000000004
723 71.569999999999993
724 71.939999999999998
725 71.959999999999994
726 72.040000000000006
727 72.140000000000001
728 72.189999999999998
729 72.230000000000004
730 72.450000000000003
731 72.530000000000001
732 72.549999999999997
733 72.569999999999993
734 72.609999999999999
735 72.799999999999997
736 72.829999999999998
737 72.890000000000001
738 73.280000000000001
739 73.519999999999996
740 73.530000000000001
741 73.560000000000002
742 73.609999999999999
743 73.700000000000003
744 73.75
745 73.810000000000002
746 73.829999999999998
747 74.049999999999997
748 74.140000000000001
749 74.219999999999999
750 74.25
751 74.569999999999993
752 74.680000000000007
753 74.819999999999993
754 74.859999999999999
755 74.939999999999998
756 75.019999999999996
757 75.200000000000003
758 75.370000000000005
759 75.379999999999995
760 75.400000000000006
761 75.469999999999999
762 75.5
763 75.659999999999997
764 75.709999999999994
765 75.760000000000005
766 76.180000000000007
767 76.319999999999993
768 76.340000000000003
769 76.640000000000001
770 76.689999999999998
771 76.769999999999996
772 76.790000000000006
773 76.859999999999999
774 76.939999999999998
775 77.030000000000001
776 77.239999999999995
777 77.269999999999996
778 77.310000000000002
779 77.349999999999994
780 77.599999999999994
781 77.609999999999999
782 77.689999999999998
783 77.709999999999994
784 78.030000000000001
785 78.340000000000003
786 78.549999999999997
787 78.620000000000005
788 78.849999999999994
789 78.859999999999999
790 79.010000000000005
791 79.170000000000002
792 79.370000000000005
793 79.409999999999997
794 79.439999999999998
795 79.480000000000004
796 79.670000000000002
797 79.689999999999998
798 79.849999999999994
799 79.879999999999995
800 79.900000000000006
801 80.030000000000001
802 80.140000000000001
803 80.269999999999996
804 80.280000000000001
805 80.340000000000003
806 80.430000000000007
807 80.489999999999995
808 80.510000000000005
809 80.599999999999994
810 80.739999999999995
811 80.849999999999994
812 80.859999999999999
813 80.870000000000005
814 80.989999999999995
815 81.329999999999998
816 81.359999999999999
817 81.859999999999999
818 81.879999999999995
819 81.890000000000001
820 82.239999999999995
821 82.25
822 82.370000000000005
823 82.659999999999997
824 82.760000000000005
825 82.819999999999993
826 82.840000000000003
827 82.980000000000004
828 83.0
829 83.120000000000005
830 83.150000000000006
831 83.340000000000003
832 83.420000000000002
833 83.439999999999998
834 83.489999999999995
835 83.519999999999996
836 83.549999999999997
837 83.700000000000003
838 84.010000000000005
839 84.090000000000003
840 84.230000000000004
841 84.349999999999994
842 84.510000000000005
843 84.590000000000003
844 84.599999999999994
845 84.819999999999993
846 84.879999999999995
847 84.890000000000001
848 84.900000000000006
849 84.969999999999999
850 85.030000000000001
851 85.109999999999999
852 85.329999999999998
853 85.439999999999998
854 85.480000000000004
855 85.579999999999998
856 85.700000000000003
857 85.810000000000002
858 86.079999999999998
859 86.189999999999998
860 86.299999999999997
861 86.420000000000002
862 86.459999999999994
863 86.480000000000004
864 86.540000000000006
865 86.549999999999997
866 86.760000000000005
867 86.840000000000003
868 86.930000000000007
869 86.980000000000004
870 87.090000000000003
871 87.109999999999999
872 87.159999999999997
873 87.189999999999998
874 87.280000000000001
875 87.459999999999994
876 87.480000000000004
877 87.510000000000005
878 87.519999999999996
879 87.540000000000006
880 87.560000000000002
